Number of triangles 11 
     5 : 1.000000 -10.000000 0.000000 2.000000 10.000000 2.000000 
     7 : 1.000000 2.000000 -10.000000 2.000000 2.000000 10.000000 
     8 : 0.000000 0.000000 -10.000000 1.000000 2.000000 10.000000 
     9 : 0.000000 1.000000 0.000000 1.000000 2.000000 2.000000 
    13 : 1.000000 0.000000 2.000000 1.000000 -1.000000 2.000000 
    14 : 1.000000 2.000000 1.000000 1.000000 2.000000 2.000000 
    16 : 1.000000 1.000000 0.000000 1.000000 2.000000 1.000000 
    17 : 0.000000 0.000000 1.000000 0.000000 -1.000000 1.000000 
    19 : 0.000000 1.000000 0.000000 0.000000 1.000000 1.000000 
