Number of nodes 6 
     0 :  2.0000000e+00  2.0000000e+00 
     1 :  0.0000000e+00  2.0000000e+00 
     2 :  1.0000000e+00  2.0000000e+00 
     3 :  0.0000000e+00  1.0000000e+00 
     4 :  1.0000000e+00  1.0000000e+00 
     5 :  0.0000000e+00  0.0000000e+00 
     6 :  0.0000000e+00 -1.0000000e+00 
     7 : -1.0000000e+01  1.0000000e+01 
Number of triangles 21 
     0 :      0      7      6 
     1 :      1      0      7 
     2 :      1      7      6 
     3 :      1      6      0 
     4 :      2      1      6 
     5 :      2      7      1 
     6 :      2      6      0 
     7 :      2      0      7 
     8 :      3      1      7 
     9 :      3      2      1 
    10 :      3      7      6 
    11 :      3      6      2 
    12 :      4      2      6 
    13 :      4      6      0 
    14 :      4      0      2 
    15 :      4      3      6 
    16 :      4      2      3 
    17 :      5      6      4 
    18 :      5      7      6 
    19 :      5      4      3 
    20 :      5      3      7 
Number of edges 18 
     0 :      0      7 
     1 :      7      6 
     2 :      6      0 
     3 :      0      2 
     4 :      1      7 
     5 :      3      5 
     6 :      4      3 
     7 :      2      7 
     8 :      2      1 
     9 :      3      7 
    10 :      3      2 
    11 :      3      1 
    12 :      4      2 
    13 :      4      6 
    14 :      4      0 
    15 :      5      4 
    16 :      5      7 
    17 :      5      6 
