Number of nodes 6 
     0 :  2.0000000e+00  2.0000000e+00 
     1 :  0.0000000e+00  2.0000000e+00 
     2 :  1.0000000e+00  2.0000000e+00 
     3 :  0.0000000e+00  1.0000000e+00 
     4 :  1.0000000e+00  1.0000000e+00 
     5 :  0.0000000e+00  0.0000000e+00 
     6 :  0.0000000e+00 -1.0000000e+00 
     7 : -1.0000000e+01  1.0000000e+01 
Number of triangles 5 
     2 :      1      7      6 
     4 :      2      1      6 
     5 :      2      7      1 
     6 :      2      6      0 
     7 :      2      0      7 
Number of edges 9 
     0 :      0      7 
     1 :      7      6 
     2 :      6      0 
     3 :      0      2 
     4 :      1      7 
     5 :      1      6 
     6 :      2      6 
     7 :      2      7 
     8 :      2      1 
